126,52
126,51
126,50
126,49
126,48
126,47
126,46
126,45
126,44
126,43
126,42
126,41
126,40
126,39
126,38
126,37
126,36
126,35
0,531
0,472
0,273
0,270
3,2
10,22
10,248
10,98
10,170
10,232
10,242
10,204
10,2
11,18
11,8
11,17
9,7
9,4
9,1
9,6
9,2
9,3
8,15
8,17
8,13
8,10
8,12
8,18
8,2
8,3
115,6
115,5
115,4
115,3
115,2
115,1
115,0
111,5
111,4
111,3
111,2
111,1
111,0
106,5
106,3
106,2
106,1
104,5
104,3
104,2
104,1
99,7
99,6
99,5
99,4
99,3
99,2
99,1
99,0
92,7
92,6
92,5
92,4
92,3
92,2
92,1
92,0
90,4
90,3
90,2
90,1
90,0
82,6
82,5
82,4
82,3
82,2
82,1
66,5
66,4
66,3
66,2
66,1
57,5
57,4
57,3
57,2
57,1
55,4
55,3
55,1
45,5
45,4
45,3
45,2
45,1
33,3
33,1
24,3
24,1
20,3
20,2
20,1
19,3
19,2
19,1
